-5.9546,-4.5226,-3.0277,-1.9533,-1.3623,-1.0042,-0.74748,-0.54622,-0.38027,-0.24065,-0.11948,-0.013304,0.082425,0.16933,0.24748
-6.7139,-5.4273,-3.8895,-2.5482,-1.7238,-1.2619,-0.95763,-0.72719,-0.53942,-0.37996,-0.24202,-0.11939,-0.0088431,0.091675,0.18327
-7.4118,-6.2094,-4.7587,-3.2852,-2.1901,-1.5572,-1.1792,-0.91213,-0.70105,-0.52381,-0.3697,-0.23238,-0.10871,0.0036062,0.10713
-8.1076,-6.9029,-5.5694,-4.0931,-2.7867,-1.9279,-1.428,-1.1066,-0.86647,-0.66978,-0.50011,-0.3502,-0.21455,-0.090856,0.022672
-8.8293,-7.5605,-6.2839,-4.8803,-3.4879,-2.4036,-1.7302,-1.3205,-1.0386,-0.81843,-0.63323,-0.4702,-0.32336,-0.189,-0.066232
-9.5832,-8.2226,-6.9336,-5.6098,-4.2254,-2.9859,-2.113,-1.5744,-1.2269,-0.97408,-0.76883,-0.59164,-0.43403,-0.29048,-0.15787
-10.367,-8.9113,-7.5578,-6.2706,-4.9356,-3.6389,-2.589,-1.8882,-1.4441,-1.1408,-0.90905,-0.71599,-0.54588,-0.39209,-0.25124
-11.175,-9.6351,-8.1866,-6.8828,-5.5973,-4.3079,-3.1456,-2.2784,-1.7081,-1.3315,-1.0609,-0.84443,-0.66098,-0.49628,-0.34604
-12.003,-10.395,-8.8389,-7.4754,-6.2115,-4.9512,-3.7477,-2.7448,-2.0319,-1.5577,-1.2302,-0.98229,-0.77857,-0.60181,-0.44186
-12.849,-11.189,-9.5242,-8.0715,-6.7891,-5.5557,-4.3555,-3.2697,-2.422,-1.8313,-1.4268,-1.1338,-0.90554,-0.71131,-0.5404
-13.705,-12.015,-10.246,-8.6871,-7.3512,-6.1281,-4.9417,-3.8234,-2.8719,-2.1595,-1.6612,-1.308,-1.0429,-0.82714,-0.64133
-14.564,-12.87,-11.005,-9.3316,-7.9158,-6.6728,-5.498,-4.3779,-3.3632,-2.5432,-1.942,-1.5142,-1.1994,-0.9532,-0.74902
-21.642,-13.751,-11.8,-10.01,-8.4961,-7.2058,-6.0319,-4.9152,-3.8729,-2.9724,-2.2698,-1.7549,-1.3802,-1.0947,-0.86489
0,-14.658,-12.63,-10.725,-9.1011,-7.7404,-6.5459,-5.4302,-4.3814,-3.4309,-2.6423,-2.0383,-1.5913,-1.2575,-0.9938
0,-15.584,-13.494,-11.477,-9.7364,-8.2878,-7.0509,-5.9291,-4.8769,-3.9016,-3.0491,-2.362,-1.8392,-1.4446,-1.1396
