-2.4053,-1.5121,-0.83295,-0.41713,-0.21018,-0.098619,-0.027826,0.02135,0.057178,0.08386,0.10507,0.12117,0.13504,0.14633,0.15527
-3.4398,-2.3135,-1.3998,-0.74965,-0.39006,-0.2055,-0.097726,-0.025034,0.027439,0.06665,0.097526,0.12195,0.14203,0.15898,0.17246
-4.5933,-3.1976,-2.0937,-1.2253,-0.66077,-0.35955,-0.19513,-0.09184,-0.019588,0.035505,0.0775,0.11107,0.13852,0.16161,0.18069
-5.8977,-4.1552,-2.8751,-1.8284,-1.0495,-0.58222,-0.32836,-0.18105,-0.0817,-0.010122,0.045415,0.089113,0.12496,0.15482,0.1795
-7.3836,-5.2052,-3.7065,-2.5145,-1.559,-0.89822,-0.51547,-0.29932,-0.16344,-0.069255,0.0013395,0.056378,0.10216,0.13975,0.17041
-9.0727,-6.3749,-4.591,-3.2547,-2.1613,-1.3198,-0.77489,-0.45874,-0.26929,-0.14449,-0.054729,0.014875,0.070268,0.11564,0.15362
-10.98,-7.6897,-5.5481,-4.0314,-2.8187,-1.8361,-1.1218,-0.67493,-0.40828,-0.23966,-0.12434,-0.038511,0.02966,0.084415,0.13037
-13.116,-9.1691,-6.6005,-4.8488,-3.512,-2.4186,-1.5567,-0.96236,-0.59306,-0.36307,-0.21305,-0.10392,-0.021487,0.044797,0.099719
-15.489,-10.827,-7.7693,-5.7241,-4.2357,-3.0396,-2.0632,-1.3263,-0.83388,-0.52312,-0.32266,-0.18444,-0.083039,-0.0030489,0.062384
-18.107,-12.676,-9.0717,-6.6759,-4.9923,-3.6862,-2.6176,-1.7603,-1.1395,-0.72899,-0.46379,-0.28489,-0.15743,-0.060948,0.015931
-20.98,-14.724,-10.521,-7.7215,-5.7958,-4.36,-3.2003,-2.2482,-1.509,-0.98793,-0.64091,-0.40969,-0.24931,-0.13054,-0.038423
-24.109,-16.979,-12.13,-8.8761,-6.6612,-5.0613,-3.8033,-2.7716,-1.9333,-1.3028,-0.86419,-0.56695,-0.36262,-0.2146,-0.10462
-27.09,-19.448,-13.905,-10.152,-7.6032,-5.8016,-4.4303,-3.3171,-2.3983,-1.6695,-1.1334,-0.75952,-0.50165,-0.31781,-0.18186
0,-22.136,-15.856,-11.56,-8.6344,-6.5929,-5.0817,-3.8798,-2.8906,-2.0789,-1.4503,-0.9929,-0.67036,-0.44349,-0.27671
0,-25.038,-17.99,-13.109,-9.7661,-7.447,-5.766,-4.4635,-3.4011,-2.5197,-1.8088,-1.2679,-0.87555,-0.59437,-0.38994
